pipeline_name: ompl
planner_id: RRTConnect
max_velocity_scaling_factor: 0.10000000000000001
max_acceleration_scaling_factor: 0.10000000000000001
tolerance: 0.01